7467143496
6091358955
7482811503
6118179719
6219156293
6302943228
6542483052
6595775480
6773146666
6674325302
7097901911
7480898974
7264903439
7257520501
6795754506
6660188087
6343135944
6837186068
6218016451
6337292470
6693320514
6506493733
6702967215
6984243906
6875352617
6791017816
6969071339
6757933759
6724075420
6553168371
6858703132
6728924558
6760526762
6444342396
6466479869
6709718170
6918541990
7242307035
7431400437
7492084405
7348387978
6714965690
7311561338
